测试用例:
37
93 672 946 153 947 82 522 772 725 413 936 649 399 123 821 93 29 860 572 344 608 590 554 210 115 307 313 535 636 184 291 66 178 379 204 523 758


947 946 93 93 936 860 82 821 7727587256726664963660859057255453552352241339937934431330729291210204184178153123115
947 946 936 93 93 860 821 82 7727587256726664963660859057255453552352241339937934431330729129210204184178153123115
947 946 93 93 936 860 821 82 7727587256726664963660859057255453552352241339937934431330729129210204184178153123115


947 946 936 93 93 860821827727587256726664963660859057255453552352241339937934431330729129210204184178153123115
